   0.000000000000000    0.000000000000000    0.000000000000000    0.000000000000000 
   0.061599843137255    0.000000000000000    0.061560893342944    0.061560893342763 
   0.123199686274510    0.000000000000000    0.122888265228101    0.122888265228012 
   0.184799529411765    0.000000000000000    0.183749480024736    0.183749480024736 
   0.246399372549020    0.000000000000000    0.243913670394689    0.243913670394700 
   0.307999215686275    0.000000000000000    0.303152613050954    0.303152613050968 
   0.369599058823529    0.000000000000000    0.361241594486642    0.361241594486642 
   0.431198901960784    0.000000000000000    0.417960263389813    0.417960263389813 
   0.492798745098039    0.000000000000000    0.473093466511208    0.473093466511211 
   0.554398588235294    0.000000000000000    0.526432064813839    0.526432064813839 
   0.615998431372549    0.000000000000000    0.577773726808643    0.577773726808644 
   0.677598274509804    0.000000000000000    0.626923696066841    0.626923696066841 
   0.739198117647059    0.000000000000000    0.673695529997447    0.673695529997447 
   0.800797960784314    0.000000000000000    0.717911807087598    0.717911807087598 
   0.862397803921569    0.000000000000000    0.759404799922838    0.759404799922838 
   0.923997647058824    0.000000000000000    0.798017111434387    0.798017111434387 
   0.985597490196078    0.000000000000000    0.833602271959892    0.833602271959891 
   1.047197333333334    0.000000000000000    0.866025294852786    0.866025294852786 
   1.108797176470588    0.000000000000000    0.895163188532672    0.895163188532672 
   1.170397019607843    0.000000000000000    0.920905423034313    0.920905423034313 
   1.231996862745098    0.000000000000000    0.943154349285480    0.943154349285480 
   1.293596705882353    0.000000000000000    0.961825569523175    0.961825569523175 
   1.355196549019608    0.000000000000000    0.976848257443120    0.976848257443120 
   1.416796392156863    0.000000000000000    0.988165426868079    0.988165426868078 
   1.478396235294118    0.000000000000000    0.995734147915854    0.995734147915854 
   1.539996078431373    0.000000000000000    0.999525709846973    0.999525709846973 
   1.601595921568628    0.000000000000000    0.999525729974305    0.999525729974305 
   1.663195764705883    0.000000000000000    0.995734208221500    0.995734208221500 
   1.724795607843138    0.000000000000000    0.988165527123278    0.988165527123277 
   1.786395450980393    0.000000000000000    0.976848397267570    0.976848397267571 
   1.847995294117648    0.000000000000000    0.961825748386475    0.961825748386475 
   1.909595137254902    0.000000000000000    0.943154566509141    0.943154566509141 
   1.971194980392157    0.000000000000000    0.920905677794331    0.920905677794331 
   2.032794823529412    0.000000000000000    0.895163479862655    0.895163479862655 
   2.094394666666667    0.000000000000000    0.866025621647620    0.866025621647621 
   2.155994509803922    0.000000000000000    0.833602632979933    0.833602632979933 
   2.217594352941177    0.000000000000000    0.798017505310164    0.798017505310164 
   2.279194196078432    0.000000000000000    0.759405225160244    0.759405225160245 
   2.340794039215687    0.000000000000000    0.717912262073564    0.717912262073564 
   2.402393882352941    0.000000000000000    0.673696013006056    0.673696013006056 
   2.463993725490196    0.000000000000000    0.626924205265876    0.626924205265876 
   2.525593568627451    0.000000000000000    0.577774260266541    0.577774260266540 
   2.587193411764706    0.000000000000000    0.526432620507008    0.526432620507008 
   2.648793254901961    0.000000000000000    0.473094042331719    0.473094042331720 
   2.710393098039216    0.000000000000000    0.417960857153377    0.417960857153377 
   2.771992941176471    0.000000000000000    0.361242203940915    0.361242203940915 
   2.833592784313725    0.000000000000000    0.303153235884085    0.303153235884081 
   2.895192627450980    0.000000000000000    0.243914304244046    0.243914304244035 
   2.956792470588235    0.000000000000000    0.183750122485886    0.183750122485886 
   3.018392313725490    0.000000000000000    0.122888913863783    0.122888913863903 
   3.079992156862745    0.000000000000000    0.061561545693057    0.061561545692899 
   3.141592000000000    0.000000000000000    0.000000653589794    0.000000653589794 
